0	0601
1	0504
2	0505
3	0506
4	0507
5	0508
6	0509
7	0510
8	0512
9	0513
10	0514
11	0516
12	0517
13	0618
14	0502
15	0501
16	0503
17	0101
18	0102
19	0103
20	
21	0322
22	0323
23	0324
24	0325
25	0326
26	0336
27	0337
28	0338
29	0339
30	
31	0331
32	0520
33	0521
34	0522
35	0523
36	0524
37	0525
38	0526
39	0527
40	0310 # 0311?
41	
42	
43
44
45
46	0331
47	0332
48	0333
49	0334
50	0335
51	
52	0313
53	0314
54	0315
55	0316
56	0317
57	0104  #0105
58	0106
59	0201
60	
61
62	0901
63	
64	0903
65	0904
66	0301
67	0302
68	0303 # ?
69	
70
71
72
73
74
75
76
77	0306 # 0304
78	0305
79	0307
80	0308
81	0309
